0044
0197
0101
0160
0047
0185
0190
0162
0196
0145
0018
0189
0052
0171
0059
0027
0194
0045
0166
0135
0119
0105
0153
0033
0072
0180
0030
0094
0186
0098
0071
0040
0023
0168
0093
0109
0182
0147
0007
0132
0077
0050
0199
0014
0100
0136
0089
0118
0120
0002
0060
0148
0151
0204
0066
0178
0187
0149
0096
0039
0069
0041
0111
0173
0010
0006
0095
0183
0013
0008
0055
0143
0022
0128
0029
0203
0035
0003
0138
0158
0043
0175
0116
0156
0015
0170
0042
0110
0046
0083
0122
0064
0058
0102
0129
0054
0076
0117
0165
0031
0167
0193
0068
0177
0051
0088
0070
0107
0090
0207
0208
0124
0020
0113
0154
0097
0087
0012
0009
0061
0034
0188
0079
0005
0133
0106
0192
0048
0139
0198
0179
0210
0152
0169
0074
0172
0191
0032
0075
0202
0028
0126
0205
0082
0021
0163
0115
0140
0037
0062
0057
0146
0049
0017
0084
0063
0086
0127
0174
0001
0161
0103
0024
0004
0141
0016
0206
0134
0114
0200
0142
0053
0164
0157
0081
0112
0091
0184
0144
0121
0085
0176
0019
0026
0080
0038
0155
0181
0137